--- tests/part-b/custom/reference-output/cpu-memory4-ref.out	2021-08-26 22:29:37.020492981 +0800
+++ tests/part-b/custom/student-output/cpu-memory4-student.out	2021-08-26 22:29:43.280178964 +0800
@@ -8,5 +8,5 @@
 00000000000000000000000000000000,00000000000000000000000000000000,00000000000000000000000000000010,00000000000000000000000000000000,00000000000000000000000000000000,00000000000000000000000000000000,00000000000000000000000000000000,00000000000000000000000000000000,00000000000000000000000000011000,00000000010100100000000100100011,0000000000000110
 00000000000000000000000000000000,00000000000000000000000000000000,00000000000000000000000000000010,00000000000000000000000000000000,00000000000000000000000000000000,00000000000000000000000000000000,00000000000000000000000000000000,00000000000000000000000000000000,00000000000000000000000000011100,00000000000000100000001010000011,0000000000000111
 00000000000000000000000000000000,00000000000000000000000000000000,11111111111111111111111111111111,00000000000000000000000000000000,00000000000000000000000000000000,00000000000000000000000000000000,00000000000000000000000000000000,00000000000000000000000000000000,00000000000000000000000000100000,00000000000100100000001100000011,0000000000001000
-00000000000000000000000000000000,00000000000000000000000000000000,11111111111111111111111111111111,00000000000000000000000000000001,00000000000000000000000000000000,00000000000000000000000000000000,00000000000000000000000000000000,00000000000000000000000000000000,00000000000000000000000000100100,00000000001000100000001110000011,0000000000001001
-00000000000000000000000000000000,00000000000000000000000000000000,11111111111111111111111111111111,00000000000000000000000000000001,00000000000000000000000000000010,00000000000000000000000000000000,00000000000000000000000000000000,00000000000000000000000000000000,00000000000000000000000000101000,00000000000000000000000000000000,0000000000001010
+00000000000000000000000000000000,00000000000000000000000000000000,11111111111111111111111111111111,00000000000000000000000000000000,00000000000000000000000000000000,00000000000000000000000000000000,00000000000000000000000000000000,00000000000000000000000000000000,00000000000000000000000000100100,00000000001000100000001110000011,0000000000001001
+00000000000000000000000000000000,00000000000000000000000000000000,11111111111111111111111111111111,00000000000000000000000000000000,00000000000000000000000000000000,00000000000000000000000000000000,00000000000000000000000000000000,00000000000000000000000000000000,00000000000000000000000000101000,00000000000000000000000000000000,0000000000001010
